[info]
email = 584399641@qq.com
password = 

[cookies]
q_c1 =2d7995364b1c4165ba91bb00641b9a7b|1448328227000|1448328227000
cap_id ="YWM4MjU1NmY2Njc2NGJlNWFlOWFiZTMwNDUzNWYxMjQ=|1448373177|e70a8f8ec64a82c095159433f7393410f3502d77"
_za =805b3a5c-82ca-44f0-a85e-780d6bebd93f
__utmt =1
__utma =51854390.1395102051.1448328225.1448343976.1448373174.4
__utmb =51854390.4.10.1448373174
__utmc =51854390
__utmz =51854390.1448343976.3.3.utmcsr=zhihu.com|utmccn=(referral)|utmcmd=referral|utmcct=/question/20306241
__utmv =51854390.000--|2=registration_date=20140309=1^3=entry_date=20151124=1
z_c0 =
unlock_ticket =